-20.28975 0.17319 Africa 0
-20.28975 0.17319 America 0
-20.28975 0.17319 Antarctica 0
-20.28975 0.17319 Asia 0
-20.28975 0.17319 Australia 0
1.0 1.0 Europe 1
-20.28975 0.17319 Arctic 0
-20.28975 0.17319 Atlantic 0
-20.28975 0.17319 Indian 0
-20.28975 0.17319 Pacific 0
-20.28975 0.17319 Africa 0
-20.28975 0.17319 America 0
-20.28975 0.17319 Antarctica 0
-20.28975 0.17319 Asia 0
-20.28975 0.17319 Australia 0
1.0 1.0 Europe 1
-20.28975 0.17319 Arctic 0
-20.28975 0.17319 Atlantic 0
-20.28975 0.17319 Indian 0
-20.28975 0.17319 Pacific 0
-20.28975 0.17319 Africa 0
-20.28975 0.17319 America 0
-20.28975 0.17319 Antarctica 0
-7.5074 27.95079 Asia 1
-20.28975 0.17319 Australia 0
-11.78235 -26.7776 Europe 0
-20.28975 0.17319 Arctic 0
-20.28975 0.17319 Atlantic 0
-20.28975 0.17319 Indian 0
-20.28975 0.17319 Pacific 0
-20.28975 0.17319 Africa 0
-20.28975 0.17319 America 0
-20.28975 0.17319 Antarctica 0
-7.5074 27.95079 Asia 1
-20.28975 0.17319 Australia 0
-11.78235 -26.7776 Europe 0
-20.28975 0.17319 Arctic 0
-20.28975 0.17319 Atlantic 0
-20.28975 0.17319 Indian 0
-20.28975 0.17319 Pacific 0
